6 9 12 15 18 21 24 27 30 33 36 39 42 45 48 51 54 57 60 63 66 69 72 75 78 
2 3 4 5 6 7 8 9 10 11 12 13 14 15 16 
0.00235494 0.00307231 0.00417796 0.00551059 0.00660064 0.00652366 0.00796074 0.00853288 0.00866668 0.011396 0.0111675 0.011396 0.0128319 0.0147207 0.0145849 
0.00256458 0.00347472 0.00475655 0.0062545 0.00744101 0.00779565 0.00929179 0.0100222 0.0107935 0.0130051 0.0134244 0.0139884 0.0152577 0.017076 0.0173265 
0.00335445 0.00466479 0.00632399 0.00817047 0.00977752 0.0105666 0.0124179 0.0134891 0.0145493 0.0172744 0.0177834 0.018683 0.0203794 0.0225456 0.0231474 
0.00460854 0.00657896 0.00887498 0.0113086 0.0135691 0.0148973 0.0173983 0.0188848 0.0206646 0.0239651 0.0250854 0.0263359 0.0285227 0.0312781 0.0321458 
0.00629276 0.00913711 0.0122445 0.0154008 0.0184581 0.0205288 0.0235987 0.0259797 0.0281754 0.0320488 0.0336097 0.035706 0.0384317 0.0415484 0.0430863 
0.00814467 0.0119923 0.0160108 0.0200515 0.0238669 0.0266448 0.0304837 0.0334113 0.0365359 0.0409024 0.0431558 0.0457054 0.0490859 0.0525589 0.0547072 
0.0100542 0.0148135 0.0197023 0.0244028 0.0290025 0.0325104 0.0369046 0.0405489 0.0439442 0.0488725 0.0516573 0.054642 0.0584991 0.0618639 0.0643454 
0.0118708 0.0175034 0.0231365 0.02846 0.0335683 0.0378174 0.0426171 0.0465715 0.0506574 0.0554187 0.0585888 0.0618233 0.065652 0.0691378 0.0717967 
0.0132739 0.0195362 0.0257108 0.0313971 0.0367428 0.0414054 0.0461355 0.0503462 0.0545403 0.0589366 0.0623179 0.0655918 0.0692762 0.0725723 0.0751967 
0.0143624 0.0209915 0.0274742 0.0333 0.0387791 0.0434141 0.0480595 0.0523008 0.0565149 0.0604651 0.0639639 0.0667453 0.0701577 0.07311 0.0755214 
0.0150213 0.0218417 0.0284468 0.0340941 0.0395396 0.0439752 0.048471 0.0525866 0.0563267 0.0599062 0.0630616 0.0654806 0.0685206 0.07095 0.073055 
0.0154074 0.0222907 0.0287783 0.0342179 0.0394318 0.0437071 0.0478368 0.0517508 0.0549889 0.0582338 0.0609336 0.0631918 0.0656948 0.0676335 0.0693271 
0.0155131 0.0222525 0.0285116 0.0337004 0.0386248 0.0424925 0.0462707 0.0497339 0.0526555 0.0554279 0.0577017 0.0596795 0.0617724 0.0634569 0.0646912 
0.0153957 0.0219007 0.0278529 0.0327704 0.0371868 0.0406951 0.0441159 0.0470349 0.049715 0.0518855 0.0539097 0.055383 0.0572825 0.0585984 0.0594646 
0.0151098 0.0212843 0.0268489 0.0313917 0.0353043 0.0384548 0.0414564 0.0439388 0.0461549 0.0479271 0.049599 0.0506661 0.052291 0.0532176 0.0539601 
0.014692 0.0205271 0.0256329 0.029719 0.0331859 0.0360042 0.0385971 0.0406564 0.042508 0.0438784 0.0451877 0.0460606 0.0473081 0.0479509 0.0485658 
0.0141997 0.0196619 0.0243033 0.0279934 0.0310288 0.0335345 0.0356725 0.0374285 0.0389254 0.0400669 0.0409902 0.0417182 0.0426419 0.0431542 0.0435991 
0.0136318 0.0186752 0.0228483 0.0261281 0.0287487 0.0309395 0.0326945 0.034097 0.0353474 0.0362015 0.036936 0.0374669 0.0381486 0.0385288 0.038826 
0.0130509 0.0176863 0.0214692 0.0243747 0.0266223 0.0284579 0.0299058 0.0310378 0.0320154 0.0327191 0.0332203 0.0336172 0.0340861 0.0343703 0.0345679 
0.012428 0.0166596 0.0200107 0.0225355 0.0244636 0.0259981 0.0271488 0.0280555 0.0288223 0.0293353 0.0297133 0.0300022 0.0303164 0.030512 0.0306456 
0.0117921 0.0156417 0.0186174 0.0208226 0.0224543 0.0236823 0.0246279 0.0253216 0.0259015 0.0263019 0.026554 0.0267707 0.0269523 0.0271034 0.0272052 
0.0111501 0.0146549 0.01727 0.0191783 0.0205603 0.0215462 0.0222859 0.0228552 0.0232731 0.0235828 0.0237587 0.0239366 0.024064 0.0241375 0.0242284 
0.0105602 0.0137456 0.0160309 0.0176657 0.018819 0.0196134 0.0201834 0.020632 0.0209402 0.0211777 0.0213011 0.0214459 0.0215265 0.0215614 0.0216254 
0.00998713 0.0128921 0.0148829 0.0162923 0.0172482 0.0178598 0.0183034 0.0186501 0.0188621 0.0190694 0.0191505 0.0192745 0.0192924 0.0193168 0.0193697 
0.00946558 0.0121039 0.013841 0.0150188 0.0158133 0.0162835 0.0166167 0.0168909 0.0170488 0.0171946 0.0172718 0.0173668 0.01737 0.0173733 0.0174164 
